|100046|15335645538|0|0|0|99010528224|Stunning|1

|100047|18995128160|0|0|0|99052402348|Luke|1

|100047|10000000012|0|0|0|99052402348|zhangsong@189.cn|1

|100048|18994087501|0|0|0|99058792727|Sword|1

|100049|18950427764|0|0|0|14002942172|Erin|1

|100050|01061130305|0|0|0|14002960997|club189|1

|100050|15345041426|0|0|0|14002960998|Lulu|1

|100050|18910501162|0|0|0|14002960999|Lisa|1

|100050|18910501164|0|0|0|14002960999|Stefanie|1

|100046|15335645538|0|0|0|99010528224|Stunning|1

|100047|18995128160|0|0|0|99052402348|Luke|1

|100047|10000000012|0|0|0|99052402348|zhangsong@189.cn|1

|100048|18994087501|0|0|0|99058792727|Sword|1

|100049|18950427764|0|0|0|14002942172|Erin|1

|100050|01061130305|0|0|0|14002960997|club189|1

|100050|15345041426|0|0|0|14002960998|Lulu|1

|100050|18910501162|0|0|0|14002960999|Lisa|1

|100050|18910501164|0|0|0|14002960999|Stefanie|1
